43598
51920
29893
43198
41506
33219
37307
48654
33283
41734
29168
34437
38336
41871
51127
37106
62235
31969
40513
37220
51938
73027
93668
40062
30770
34865
38808
46871
143178
34585
60506
34190
36513
52390
50842
41966
56570
82881
41474
58925
49233
57884
143318
79646
172729
48546
132135
63092
104820
46802
181776
81836
73724
113609
117074
21917
37492
26989
71723
52500
58174
51045
26272
29418
33750
27901
39993
36275
44978
82820
63781
147648
118348
256308
254263
242943
222670
244093
200243
249292
571954
130220
127228
139962
118503
212464
131692
203722
320861
178653
72019
111450
63888
83103
83525
74630
69719
121610
270310
121106
