-29741.0
-37162.0
-18390.0
-28772.0
-28145.0
-21195.0
-24979.0
-35122.0
-21723.0
-29557.0
-18062.0
-22673.0
-25891.0
-30169.0
-35700.0
-25151.0
-47327.0
-20911.0
-27437.0
-25464.0
-37991.0
-56129.0
-73007.0
-26499.0
-19789.0
-23185.0
-26800.0
-34446.0
-118912.0
-22845.0
-45674.0
-22749.0
-24280.0
-37857.0
-36482.0
-27421.0
-39347.0
-62770.0
-29602.0
-40646.0
-35576.0
-43538.0
-120552.0
-64037.0
-150940.0
-34272.0
-111173.0
-47881.0
-87421.0
-35086.0
-152391.0
-64868.0
-59002.0
-87218.0
-83527.0
-12336.0
-21779.0
-15030.0
-50672.0
-36322.0
-39066.0
-37185.0
-15768.0
-19427.0
-21999.0
-16986.0
-26020.0
-25455.0
-32321.0
-60711.0
-45071.0
-118318.0
-89647.0
-208575.0
-213116.0
-197021.0
-177733.0
-198002.0
-166920.0
-202971.0
-477272.0
-103230.0
-103111.0
-114733.0
-98849.0
-181001.0
-107185.0
-177617.0
-292081.0
-157823.0
-55415.0
-90315.0
-50765.0
-64130.0
-67412.0
-59714.0
-53361.0
-101522.0
-234205.0
-106332.0
