8.073703703703703
9.614814814814816
5.53574074074074
7.99962962962963
7.686296296296296
6.151666666666666
6.908703703703703
9.01
6.163518518518519
7.728518518518518
5.401481481481482
6.377222222222223
7.099259259259259
7.753888888888889
9.467962962962963
6.8714814814814815
11.525
5.920185185185185
7.502407407407407
6.892592592592592
9.618148148148148
13.523518518518518
17.345925925925926
7.418888888888889
5.698148148148148
6.4564814814814815
7.1866666666666665
8.679814814814815
26.514444444444443
6.404629629629629
11.204814814814815
6.3314814814814815
6.761666666666667
9.701851851851853
9.415185185185186
7.771481481481482
10.475925925925926
15.348333333333333
7.680370370370371
10.912037037037036
9.117222222222223
10.719259259259259
26.540370370370372
14.74925925925926
31.986851851851853
8.99
24.469444444444445
11.683703703703705
19.41111111111111
8.667037037037037
33.66222222222222
15.154814814814815
13.652592592592592
21.038703703703703
21.68037037037037
4.058703703703704
6.942962962962963
4.997962962962963
13.282037037037037
9.722222222222221
10.772962962962962
9.452777777777778
4.865185185185185
5.447777777777778
6.25
5.166851851851852
7.4061111111111115
6.717592592592593
8.32925925925926
15.337037037037037
11.811296296296296
27.342222222222222
21.916296296296295
47.464444444444446
47.08574074074074
44.989444444444445
41.23518518518519
45.20240740740741
37.08203703703704
46.16518518518519
105.91740740740741
24.114814814814814
23.56074074074074
25.91888888888889
21.945
39.34518518518519
24.38740740740741
37.7262962962963
59.418703703703706
33.083888888888886
13.336851851851852
20.63888888888889
11.831111111111111
15.389444444444445
15.467592592592593
13.82037037037037
12.910925925925927
22.52037037037037
50.05740740740741
22.42703703703704
